Ensemble   mu_s_dir   pi_dir  L   T   bsamples  blocklength pi_min  pi_bgn  pi_end  k_min k_bgn k_end pik_min pik_bgn pik_end
A30.32    amu_s_185   pi      32  64  1500      3           7       13      32			7			13		32		7				10			28
A30.32    amu_s_225   pi      32  64  1500      3						7       13      32			7			13		32		7				10			28	
A30.32    amu_s_2464  pi      32  64  1500      3						7       13      32			7			13		32		7				10			28
A40.20    amu_s_185   pi      20  48  1500      2						5				13			24			5			13		24		5				7				21
A40.20    amu_s_225   pi      20  48  1500      2						5				13			24			5			13		24		5				7				21
A40.20    amu_s_2464  pi      20  48  1500      2						5				13			24			5			13		24		5				7				21
A40.24    amu_s_185   pi      24  48  1500      11					5				11			24			5			11		24		5				7				20
A40.24    amu_s_225   pi      24  48  1500      11					5				11			24			5			11		24		5				7				20
A40.24    amu_s_2464  pi      24  48  1500      11					5				11			24			5			11		24		5				7				20
A40.32    amu_s_185   pi      32  64  1500      3						7				13			32			7			13		32		7				10			27
A40.32    amu_s_225   pi      32  64  1500      3						7				13			32			7			13		32		7				10			27
A40.32    amu_s_2464  pi      32  64  1500      3						7				13			32			7			13		32		7				10			27
A60.24    amu_s_185   pi      24  48  1500      2						5				11			24			5			11		24		5				7				20
A60.24    amu_s_225   pi      24  48  1500      2						5				11			24			5			11		24		5				7				20
A60.24    amu_s_2464  pi      24  48  1500      2						5				11			24			5			11		24		5				7				20
A80.24    amu_s_185   pi      24  48  1500      1						5				11			24			5			11		24		5				7				20
A80.24    amu_s_225   pi      24  48  1500      1						5				11			24			5			11		24		5				7				20
A80.24    amu_s_2464  pi      24  48  1500      1						5				11			24			5			11		24		5				7				20
A100.24   amu_s_185   pi      24  48  1500      1						5				11			24			5			11		24		5				7				20
A100.24   amu_s_225   pi      24  48  1500      1           5				11			24			5			11		24		5				7				20
A100.24   amu_s_2464  pi      24  48  1500      1           5				11			24			5			11		24		5				7				20
B35.32    amu_s_16    pi      32  64  1500      2						7				13			32			7			13		32		7				10			27
B35.32    amu_s_186   pi      32  64  1500      2						7				13			32			7			13		32		7				10			27
B35.32    amu_s_21    pi      32  64  1500      2						7				13			32			7			13		32		7				10			27
B55.32    amu_s_16    pi      32  64  1500      1						7				13			32			7			13		32		7				10			27
B55.32    amu_s_186   pi      32  64  1500      1           7				13			32			7			13		32		7				10			27
B55.32    amu_s_21    pi      32  64  1500      1           7				13			32			7			13		32		7				10			27
B85.24    amu_s_16    pi      24  48  1500      2						5				11			24			5			11		24		5				7				20
B85.24    amu_s_186   pi      24  48  1500      2						5				11			24			5			11		24		5				7				20
B85.24    amu_s_21    pi      24  48  1500      2						5				11			24			5			11		24		5				7				20
D30.48    amu_s_115   pi      48  96  1500      2						10			22			38			10		22		48		10			13			43
D30.48    amu_s_15    pi      48  96  1500      2						10			22			38			10		22		48		10			13			43
D30.48    amu_s_18    pi      48  96  1500      2						10			22			38			10		22		48		10			13			43
D45.32    amu_s_13    pi      32  64  1500      3						7				14			32			7			14		32		7				10			28
D45.32    amu_s_15    pi      32  64  1500      3						7				14			32			7			14		32		7				10			28
D45.32    amu_s_18    pi      32  64  1500      3						7				14			32			7			14		32		7				10			28

